1
1
1
1
1
1
1
1
1
1
1
1
1
1
1
1
1
1
1
1
1
1
1
1
1
1
1
1
1
1
1
1
1
1
1
1
1
1
1
1
1
1
1
1
1
1
1
1
1
1
1
1
1
1
1
1
1
1
1
1
1
1
1
1
1
1
1
1
1
1
1
1
1
1
1
1
1
1
1
1
1
1
1
1
1
1
1
1
1
1
1
1
1
1
1
1
1
1
1
1
1
1
1
1
1
1
1
1
1
1
1
1
1
1
1
1
1
1
1
1
1
1
1
1
1
1
1
1
1
1
1
1
1
1
1
1
1
1
1
1
1
1
1
1
1
1
1
1
1
1
1
1
1
1
1
1
1
1
1
1
1
1
1
1
1
1
1
1
1
1
1
1
1
1
1
1
1
1
1
1
1
1
1
1
1
1
1
1
1
1
1
1
1
1
1
1
1
1
1
1
1
1
1
1
1
1
1
1
1
1
1
1
1
1
1
1
1
1
1
1
1
1
1
1
1
1
1
1
1
1
1
1
1
1
1
1
1
1
1
1
1
1
1
1
1
1
1
1
1
1
1
1
1
1
1
1
1
1
1
1
1
1
1
1
1
1
1
1
1
1
1
1
1
1
1
1
1
1
1
1
1
1
1
1
1
1
1
1
1
1
1
1
1
1
1
1
1
1
1
1
1
1
1
1
1
1
1
1
1
1
1
1
1
1
1
1
1
1
1
1
1
1
1
1
1
1
1
1
1
1
1
1
1
1
1
1
1
1
1
1
1
1
1
1
1
1
1
1
1
1
1
1
1
1
1
1
1
1
1
1
1
1
1
1
1
1
1
1
1
1
1
1
1
1
1
1
1
1
1
1
1
1
1
1
1
1
1
1
1
1
1
1
1
1
1
1
1
1
1
1
1
1
1
1
1
1
1
1
1
1
1
1
1
1
1
1
1
1
1
1
1
1
1
1
1
1
1
1
1
1
1
1
1
1
1
1
1
1
1
1
1
1
1
1
1
1
1
1
1
1
1
1
1
1
1
1
1
1
1
1
1
1
1
1
1
1
1
1
1
1
1
1
1
1
1
1
1
1
1
1
1
1
1
1
1
1
1
1
1
1
1
1
1
1
1
1
1
1
1
1
1
1
1
1
1
1
1
1
1
1
1
1
1
1
1
1
1
1
1
1
1
1
1
1
1
1
1
1
1
1
1
1
1
1
1
1
1
1
1
1
1
1
1
1
1
1
1
1
1
1
1
1
1
1
1
1
1
1
1
1
1
1
1
1
1
1
1
1
1
1
1
1
1
1
1
1
1
1
1
1
1
1
1
1
1
1
1
1
1
1
1
1
1
1
1
1
1
1
1
1
1
1
1
1
1
1
1
1
1
1
1
1
1
1
1
1
1
1
1
1
1
1
1
1
1
1
1
1
1
1
1
1
1
1
1
1
1
1
1
1
1
1
1
1
1
1
1
1
1
1
1
1
1
1
1
1
1
1
1
1
1
1
1
1
1
1
1
1
1
1
1
1
1
1
1
1
1
1
1
1
1
1
1
1
1
1
1
1
1
1
1
1
1
1
1
1
1
1
1
1
1
1
1
1
1
1
1
1
1
1
1
1
1
1
1
1
1
1
1
1
1
1
1
1
1
1
1
1
1
1
1
1
1
1
1
1
1
1
1
1
1
1
1
1
1
1
1
1
1
1
1
1
1
1
1
1
1
1
1
1
1
1
1
1
1
1
1
1
1
1
1
1
1
1
1
1
1
1
1
1
1
1
1
1
1
1
1
1
1
1
1
1
1
1
1
1
1
1
1
1
1
1
1
1
1
1
1
1
1
1
1
1
1
1
1
1
1
1
1
1
1
1
1
1
1
1
1
1
1
1
1
1
1
1
1
1
1
1
1
1
1
1
1
1
1
1
1
1
1
1
1
1
1
1
1
1
1
1
1
1
1
1
1
1
1
1
1
1
1
1
1
1
1
1
1
1
1
1
1
1
1
1
1
1
1
1
1
1
1
1
1
1
1
1
1
1
1
1
1
1
1
1
1
1
1
1
1
1
1
1
1
1
1
1
1
1
1
1
1
1
1
1
1
1
1
1
1
1
1
1
1
1
1
1
1
1
1
1
1
1
1
1
1
1
1
1
1
1
1
1
1
1
1
1
1
1
1
1
1
1
1
1
1
1
1
1
1
1
1
1
1
1
1
1
1
1
1
1
1
1
1
1
1
1
1
1
1
1
1
1
1
1
1
1
1
1
1
1
1
1
1
1
1
1
1
1
1
1
1
1
1
1
1
1
1
1
1
1
1
1
1
1
1
1
1
1
1
1
1
1
1
1
1
1
1
1
1
1
1
1
1
1
1
1
1
1
1
1
1
1
1
1
1
1
1
1
1
1
1
1
1
1
1
1
1
1
1
1
1
1
1
1
1
1
1
1
1
1
1
1
1
1
1
1
1
1
1
1
1
1
1
1
1
1
1
1
1
1
1
1
1
1
1
1
1
1
1
1
1
1
1
1
1
1
1
1
1
1
1
1
1
1
1
1
1
1
1
1
1
1
1
1
1
1
1
1
1
1
1
1
1
1
1
1
1
1
1
1
1
1
1
1
1
1
1
1
1
1
1
1
1
1
1
1
1
1
1
1
1
1
1
1
1
1
1
1
1
1
1
1
1
1
1
1
1
1
1
1
1
1
1
1
1
1
1
1
1
1
1
1
1
1
1
1
1
1
1
1
1
1
1
1
1
1
1
1
1
1
1
1
1
1
1
1
1
1
1
1
1
1
1
1
1
1
1
1
1
1
1
1
1
1
1
1
1
1
1
1
1
1
1
1
1
1
1
1
1
1
1
1
1
1
1
1
1
1
1
1
1
1
1
1
1
1
1
1
1
1
1
1
1
1
1
1
1
1
1
1
1
1
1
1
1
1
1
1
1
1
1
1
1
1
1
1
1
1
1
1
1
1
1
1
1
1
1
1
1
1
1
1
1
1
1
1
1
1
1
1
1
1
1
1
1
1
1
1
1
1
1
1
1
1
1
1
1
1
1
1
1
1
1
1
1
1
1
1
1
1
1
1
1
1
1
1
1
1
1
1
1
1
1
1
1
1
1
1
1
1
1
1
1
1
1
1
1
1
1
1
1
1
1
1
1
1
1
1
1
1
1
1
1
1
1
1
1
1
1
1
1
1
1
1
1
1
1
1
1
1
1
1
1
1
1
1
1
1
1
1
1
1
1
1
1
1
1
1
1
1
1
1
1
1
1
1
1
1
1
1
1
1
1
1
1
1
1
1
1
1
1
1
1
1
1
1
1
1
1
1
1
1
1
1
1
1
1
1
1
1
1
1
1
1
1
1
1
1
1
1
1
1
1
1
1
1
1
1
1
1
1
1
1
1
1
1
1
1
1
1
1
1
1
1
1
1
1
1
1
1
1
1
1
1
1
1
1
1
1
1
1
1
1
1
1
1
1
1
1
1
1
1
1
1
1
1
1
1
1
1
1
1
1
1
1
1
1
1
1
1
1
1
1
1
1
1
1
1
1
1
1
1
1
1
1
1
1
1
1
1
1
1
1
1
1
1
1
1
1
1
1
1
1
1
1
1
1
1
1
1
1
1
1
1
1
1
1
1
1
1
1
1
1
1
1
1
1
1
1
1
1
1
1
1
1
1
1
1
1
1
1
1
1
1
1
1
1
1
1
1
1
1
1
1
1
1
1
1
1
1
1
1
1
1
1
1
1
1
1
1
1
1
1
1
1
1
1
1
1
1
1
1
1
1
1
1
1
1
1
1
1
1
1
1
1
1
1
1
1
1
1
1
1
1
1
1
1
1
1
1
1
1
1
1
1
1
1
1
1
1
1
1
1
1
1
1
1
1
1
1
1
1
1
1
1
1
1
1
1
1
1
1
1
1
1
1
1
1
1
1
1
1
1
1
1
1
1
1
1
1
1
1
1
1
1
1
1
1
1
1
1
1
1
1
1
1
1
1
1
1
1
1
1
1
1
1
1
1
1
1
1
1
1
1
1
1
1
1
1
1
1
1
1
1
1
1
1
1
1
1
1
1
1
1
1
1
1
1
1
1
1
1
1
1
1
1
1
1
1
1
1
1
1
1
1
1
1
1
1
1
1
1
1
1
1
1
1
1
1
1
1
1
1
1
1
1
1
1
1
1
1
1
1
1
1
1
1
1
1
1
1
1
1
1
1
1
1
1
1
1
1
1
1
1
1
1
1
1
1
1
1
1
1
1
1
1
1
1
1
1
1
1
1
1
1
1
1
1
1
1
1
1
1
1
1
1
1
1
1
1
1
1
1
1
1
1
1
1
1
1
1
1
1
1
1
1
1
1
1
1
1
1
1
1
1
1
1
1
1
1
1
1
1
1
1
1
1
1
1
1
1
1
1
1
1
1
1
1
1
1
1
1
1
1
1
1
1
1
1
1
1
1
1
1
1
1
1
1
1
1
1
1
1
1
1
1
1
1
1
1
1
1
1
1
1
1
1
1
1
1
1
1
1
1
1
1
1
1
1
1
1
1
1
1
1
1
1
1
1
1
1
1
1
1
1
1
1
1
1
1
1
1
1
1
1
1
1
1
1
1
1
1
1
1
1
1
1
1
1
1
1
1
1
1
1
1
1
1
1
1
1
1
1
1
1
1
1
1
1
1
1
1
1
1
1
1
1
1
1
1
1
1
1
1
1
1
1
1
1
1
1
1
1
1
1
1
1
1
1
1
1
1
1
1
1
1
1
1
1
1
1
1
1
1
1
1
1
1
1
1
1
1
1
1
1
1
1
1
1
1
1
1
1
1
1
1
1
1
1
1
1
1
1
1
1
1
1
1
1
1
1
1
1
1
1
1
1
1
1
1
1
1
1
1
1
1
1
1
1
1
1
1
1
1
1
1
1
1
1
1
1
1
1
1
1
1
1
1
1
1
1
1
2155
1104
832
1896
1766
824
1648
1410
2035
1022
2047
2034
1906
930
770
1169
1899
64
820
1386
1830
398
456
698
1646
259
856
1398
929
817
469
2101
646
1989
985
733
1888
609
726
167
1597
1489
815
1764
2091
1508
1833
901
1207
592
1399
189
1028
913
215
183
231
615
1635
1873
647
420
2131
621
283
250
1420
35
819
151
1325
1657
574
435
1394
1262
1217
1781
200
1581
1777
1471
628
416
754
1267
152
1327
1327
1981
812
1671
164
787
1291
2121
397
597
553
1689
170
1334
993
1588
1073
1110
7
1530
399
1990
1755
65
956
126
2171
1165
1559
1409
683
1536
288
981
1834
2148
1443
97
1876
273
799
655
1303
752
183
773
1861
1956
1867
1199
639
1193
1637
1377
629
2058
548
48
1293
160
1995
1524
1738
969
964
294
272
2070
2137
1606
1152
1099
892
256
2114
1076
1051
804
1075
696
369
1098
1032
1576
2017
149
1350
1768
1473
641
398
302
1804
1703
1591
508
209
25
1567
1270
1743
1722
1019
2019
1568
1135
1843
112
2083
2013
150
1253
1767
248
406
712
1738
876
1801
2060
80
2108
1416
1845
664
1177
1182
1889
1360
1060
1264
1715
309
728
1829
635
515
75
424
230
1834
1498
687
1555
1612
611
684
1292
1242
1822
656
854
2131
237
166
1650
1935
1717
988
2185
192
773
1473
1005
1711
1173
375
1495
423
1159
361
1315
757
11
53
318
1019
516
1204
706
807
363
1966
181
335
2156
1923
1682
847
1314
609
838
2163
300
1526
623
2159
1995
1442
441
549
432
1316
1338
1442
1476
197
1915
1555
616
2039
1219
268
1135
557
616
1808
707
1246
1145
1753
1100
1602
282
1814
1970
2036
1225
1199
968
1425
794
857
797
1229
1188
48
1128
2143
55
1996
1514
1985
783
2020
303
1731
435
1073
667
710
1093
417
1557
1848
234
462
1148
1794
552
1058
1890
1674
1039
978
355
882
2083
363
641
1553
200
1599
600
1758
1988
1313
722
1614
1482
1192
553
473
986
697
1086
248
1002
1227
396
412
136
260
265
1244
795
2058
875
894
161
1039
1089
1357
281
302
1557
650
2035
2023
1673
441
643
1884
1092
1063
1538
467
1314
1446
1975
1058
789
1400
1127
837
1285
499
1011
1107
993
2068
1455
1222
1839
1312
2009
56
1771
754
1505
1243
669
1486
820
1888
1474
1386
1943
1721
1415
1051
236
1235
535
1501
725
948
1162
1751
379
1492
1894
1947
45
2116
1033
794
1136
1058
764
1149
1773
516
171
1115
1834
107
1159
1363
1390
1353
1236
604
1654
1765
186
608
2014
1776
2022
1338
251
1703
55
574
2008
170
1355
712
47
647
2176
2125
1618
1329
1522
1534
716
2188
1207
89
1740
1369
1087
1450
310
1707
1626
25
1840
1209
2073
1300
1938
106
1471
1912
2017
1649
227
1706
2140
1138
1966
1193
576
1520
714
1024
239
2144
1178
932
718
47
412
189
311
1120
54
582
599
1981
1356
2163
213
1472
1591
1056
1301
155
2072
156
285
2012
1145
1274
1756
1713
2030
952
631
1528
1564
1468
323
1105
980
1773
24
1283
214
616
1399
1205
1073
525
1619
1307
1437
1799
201
631
261
659
2155
1612
1937
1685
971
259
439
1029
1472
1661
1023
119
1401
1151
1570
777
1211
1294
1222
1986
1171
1506
1398
390
2048
90
1961
1744
34
1263
1969
2009
354
1586
2041
1417
1374
1189
22
639
2167
56
997
819
436
720
1257
513
2059
953
1451
1910
1679
1340
208
394
1466
416
397
2077
966
1579
1412
851
563
395
1959
1538
26
694
1403
211
815
600
2069
1696
502
483
827
150
1000
96
1033
666
161
1951
1265
1852
1083
1428
983
1011
1738
383
1815
618
1525
698
2067
2082
2073
1223
1345
1236
1640
2144
318
1987
855
1306
955
1170
1546
673
390
1644
1091
190
1700
66
706
732
1560
235
313
526
1676
1252
708
1060
629
470
2082
1721
1412
643
1473
1286
1852
1275
431
1026
1022
1198
638
1221
2156
318
526
2008
799
937
1926
351
80
650
1162
1740
1633
1433
2170
262
972
728
549
535
2043
738
899
1326
2046
2007
635
1010
2190
2012
2099
1371
1273
1057
1225
1890
1113
1859
1776
916
672
1528
1957
99
1523
1368
417
1076
1774
507
146
359
798
256
246
2118
998
958
995
649
1123
561
1741
255
1781
602
1910
1686
1921
236
1459
551
605
561
2015
1301
790
972
1687
637
891
2187
1045
1624
1811
1790
933
1430
1573
137
1438
1312
2005
1950
1144
582
1736
1404
1294
1687
1552
355
820
1165
1516
841
2040
165
1329
1646
2070
1757
180
2173
1515
1908
144
1248
1416
601
2173
656
1565
303
1749
184
1289
179
1759
1440
1508
1427
1278
1897
1349
2125
1683
1370
650
1093
1862
1168
1394
1566
1744
1396
1553
1020
2186
1457
1059
846
1717
787
1279
724
1789
991
1155
2160
1452
1621
485
288
1056
1728
777
452
1712
1490
405
561
1357
1029
1978
1924
1112
863
1484
915
113
218
581
124
639
1529
583
2084
579
1141
1410
1702
1414
1680
1537
1415
82
340
53
1318
5
1042
1508
733
1622
1486
1269
1523
1697
1433
478
196
863
45
1660
1676
2080
1677
687
333
1430
441
892
704
1516
668
932
1121
1554
236
339
1607
644
850
659
1024
851
1811
1593
1624
1316
696
1645
383
177
749
1295
1832
1484
1796
1358
944
933
2088
1987
1675
541
1518
623
426
1223
1715
972
24
629
688
1697
2139
2147
440
203
1060
893
1403
2052
1320
2086
1949
861
1588
877
1141
324
1410
1773
2185
1527
503
1345
525
2142
1249
214
1280
92
588
573
1263
518
1457
759
1449
382
122
786
855
450
1599
269
85
749
1648
726
1693
146
503
2020
1451
2124
239
346
1746
1632
1984
1328
1972
68
246
298
2065
1572
1924
1214
326
1877
206
772
1898
2064
2103
2177
363
2009
1376
420
1990
2187
1012
194
1529
1439
1138
458
706
143
862
1476
1424
1591
2122
904
1519
864
689
884
729
535
493
1689
2085
240
1291
1153
1551
2178
1306
1482
73
243
843
758
1989
300
1759
660
1388
130
1852
2136
215
48
1697
1827
1178
1022
654
1312
2158
1687
2037
251
128
1194
410
561
607
1100
1652
805
1590
2098
245
1791
488
1413
1657
664
1244
164
191
1637
1085
1601
1997
1664
1995
135
1126
1821
304
945
581
21
1098
1271
589
1104
1951
1119
2100
1329
841
1075
353
1129
1879
1987
420
1574
88
1312
1353
1437
1477
1411
1074
1368
1032
1587
1560
1218
942
1739
1552
1108
1965
1370
2035
445
779
740
135
506
473
631
1084
1291
189
307
1866
1434
90
1436
894
1544
646
64
1432
1288
928
806
1730
1617
492
2162
1694
1764
2155
1232
1777
194
460
1170
2115
1077
1443
104
40
881
1025
1068
1549
274
1183
2069
1287
880
1801
524
1868
1315
1074
1122
589
1139
1070
195
2081
375
894
1850
1469
735
1678
1182
28
656
1532
1677
1415
1277
2035
1090
2000
1816
1198
626
1882
364
494
493
114
170
1893
1859
61
1681
2092
807
348
1805
504
1986
1469
972
7
1294
902
1085
1254
1936
1158
1277
589
1822
1894
2030
302
450
1193
1805
1976
1586
2061
87
214
267
462
1419
1344
771
1619
293
1416
702
1865
2064
1779
1051
638
1842
1615
196
1643
1133
763
1785
1904
2002
787
236
1146
845
1105
1239
1309
1448
140
758
421
516
1554
1098
617
1554
1985
1832
708
1402
219
154
162
1202
2015
673
1335
1818
912
1818
434
43
1650
83
1226
490
968
1912
1562
967
1959
1421
358
714
1525
1039
1403
1951
1211
80
1297
2017
1769
1408
1856
421
1352
2038
1781
14
1210
461
1268
780
847
582
415
196
897
1787
1237
1803
1050
1627
9
249
106
1866
1419
788
1368
1547
1792
1570
1123
415
174
1808
713
679
1706
2172
878
876
440
1953
1969
959
1107
1435
2084
1249
50
1778
1359
238
755
746
687
9
593
1984
1115
1241
1800
393
1685
1130
902
867
833
755
1274
281
0
232
548
600
743
136
1300
1640
482
1122
1031
57
1064
2126
667
646
46
1901
1928
1888
767
1994
1727
791
417
1763
1529
1692
1881
887
1040
2148
1904
2101
1880
673
453
738
1282
1398
1935
2109
74
623
508
1825
599
1763
573
1757
1828
269
1957
1644
362
196
3
1068
2094
417
1410
2027
1834
486
318
600
1409
1735
424
1541
632
2015
1403
2037
1278
1776
1346
1135
2079
760
529
402
850
1479
1600
1982
2100
125
2164
1041
539
457
1654
1664
459
147
2121
537
1845
816
1148
431
1415
1644
1624
53
1446
669
1045
773
1853
925
1504
1328
2123
157
846
1434
2072
2163
1977
1444
9
779
2064
1135
1772
1693
334
1963
1028
1404
1357
807
1635
1317
1323
1322
1896
1938
1530
951
83
518
1687
2083
384
30
1690
402
1770
1257
486
1996
1242
867
539
810
218
167
1558
756
1675
4
1888
204
1831
759
1191
200
1233
453
1441
914
1316
1899
792
879
806
1097
834
812
246
1556
644
1961
977
987
1618
1443
1106
822
2101
1511
2017
1115
335
2079
815
1582
238
1630
871
623
1945
374
1234
1654
543
311
187
556
1160
442
1064
778
178
1150
2127
1374
1801
182
156
2128
2099
534
646
1116
1560
489
676
1165
1834
851
1535
402
49
1744
1069
754
804
737
2161
676
365
2127
2173
431
2040
696
652
2058
152
868
1484
1563
493
447
1573
979
767
543
826
605
925
954
571
289
345
459
300
276
860
1731
384
1011
845
413
1360
1838
386
467
518
1655
1311
926
1982
1962
1881
549
1817
1792
1054
2032
2188
524
1784
288
1940
164
1854
1890
149
1773
1422
380
1304
686
1351
594
1102
1095
1253
1727
696
903
1998
960
73
1281
208
442
432
683
962
8
1889
2070
1986
219
204
1728
1385
932
1559
723
2057
1781
396
762
1163
1622
419
1768
1369
250
1856
1780
2184
777
1037
875
2033
267
542
1703
1184
880
1487
1937
1622
1632
590
1155
1949
74
1612
182
256
2142
1037
1877
1366
228
2041
1464
851
243
1602
1683
405
951
318
1882
1680
675
240
288
1386
1953
726
1609
1260
135
2060
327
995
620
876
1675
247
1198
1790
1540
1496
891
1693
1940
278
766
729
1039
1771
85
1402
79
2135
2163
808
155
1672
2004
521
649
333
118
1365
653
1523
1128
1585
650
1629
1669
1479
1123
1393
114
783
241
928
1108
628
656
1421
2131
184
1255
1373
1549
1548
318
615
2054
552
1317
1797
2010
757
1269
2040
1524
1254
2049
2010
441
148
860
2066
1784
944
1720
1183
143
832
1747
293
695
295
996
525
1692
455
77
213
2157
632
457
2003
1047
1138
1215
232
1949
1075
152
2059
1847
24
1579
606
1687
497
605
1766
1899
164
1717
1694
200
255
1900
1892
1302
879
1450
1714
1242
2178
171
2072
121
1925
1936
89
1921
1717
1640
51
12
1385
1269
1605
550
134
562
159
1916
2089
1629
1800
1121
1179
726
2188
1926
922
872
661
809
994
1936
408
994
1541
1974
1069
778
1954
958
1466
1200
1219
460
880
267
2029
671
1910
1514
852
1482
209
1070
154
1906
572
534
1620
229
1177
761
811
1822
1386
1789
1955
1498
1607
101
1316
1092
732
1399
195
612
2098
181
757
1925
2021
2058
351
2111
1982
891
1124
1033
1272
1664
1682
1062
752
54
2089
1544
141
1113
271
1126
344
1183
1243
345
435
469
842
672
1908
1546
613
202
874
613
863
499
1922
2155
221
778
457
270
421
2154
640
84
1318
1880
892
1964
1644
1613
1399
615
1995
2163
695
1573
1521
1511
1866
2032
867
1243
1106
453
1941
894
69
1402
1457
970
1994
693
1164
1753
47
2019
1503
1874
1871
722
807
442
1696
1526
1685
2070
1797
367
1099
269
1657
1554
635
1497
329
322
617
1623
2029
565
1260
568
1552
1650
829
735
1634
858
1077
350
889
1541
14
1118
401
1378
1589
1058
2164
596
1328
854
1346
1537
1371
1112
